537
60
223
1599
1777
1505
847
255
371
248
247
529
690
765
258
169
528
1696
335
185
285
889
205
293
300
196
13
409
195
420
172
170
166
178
122
537
60
223
1599
1777
1505
847
255
371
248
247
529
690
765
258
169
528
1696
335
185
285
889
205
293
300
196
13
409
195
420
172
170
166
178
122
537
60
223
1599
1777
1505
847
255
371
248
247
529
690
765
258
169
528
1696
335
185
285
889
205
293
300
196
13
409
195
420
172
170
166
178
122
537
60
223
1599
1777
1505
847
255
371
248
247
529
690
765
258
169
528
1696
335
185
285
889
205
293
300
196
13
409
195
420
172
170
166
178
122
537
60
223
1599
1777
1505
847
255
371
248
247
529
690
765
258
169
528
1696
335
185
285
889
205
293
300
196
13
409
195
420
172
170
166
178
122
537
60
223
1599
1777
1505
847
255
371
248
247
529
690
765
258
169
528
1696
335
185
285
889
205
293
300
196
13
409
195
420
172
170
166
178
122
537
60
223
1599
1777
1505
847
255
371
248
247
529
690
765
258
169
528
1696
335
185
285
889
205
293
300
196
13
409
195
420
172
170
166
178
122
537
60
223
1599
1777
1505
847
255
371
248
247
529
690
765
258
169
528
1696
335
185
285
889
205
293
300
196
13
409
195
420
172
170
166
178
122
537
60
223
1599
1777
1505
847
255
371
248
247
529
690
765
258
169
528
1696
335
185
285
889
205
293
300
196
13
409
195
420
172
170
166
178
122
537
60
223
1599
1777
1505
847
255
371
248
247
529
690
765
258
169
528
1696
335
185
285
889
205
293
300
196
13
409
195
420
172
170
166
178
122
537
60
223
1599
1777
1505
847
255
371
248
247
529
690
765
258
169
528
1696
335
185
285
889
205
293
300
196
13
409
195
420
172
170
166
178
122
537
60
223
1599
1777
1505
847
255
371
248
247
529
690
765
258
169
528
1696
335
185
285
889
205
293
300
196
13
409
195
420
172
170
166
178
122
537
60
223
1599
1777
1505
847
255
371
248
247
529
690
765
258
169
528
1696
335
185
285
889
205
293
300
196
13
409
195
420
172
170
166
178
122
537
60
223
1599
1777
1505
847
255
371
248
247
529
690
765
258
169
528
1696
335
185
285
889
205
293
300
196
13
409
195
420
172
170
166
178
122
537
60
223
1599
1777
1505
847
255
371
248
247
529
690
765
258
169
528
1696
335
185
285
889
205
293
300
196
13
409
195
420
172
170
166
178
122
537
60
223
1599
1777
1505
847
255
371
248
247
529
690
765
258
169
528
1696
335
185
285
889
205
293
300
196
13
409
195
420
172
170
166
178
122
537
60
223
1599
1777
1505
847
255
371
248
247
529
690
765
258
169
528
1696
335
185
285
889
205
293
300
196
13
409
195
420
172
170
166
178
122
537
60
223
1599
1777
1505
847
255
371
248
247
529
690
765
258
169
528
1696
335
185
285
889
205
293
300
196
13
409
195
420
172
170
166
178
122
537
60
223
1599
1777
1505
847
255
371
248
247
529
690
765
258
169
528
1696
335
185
285
889
205
293
300
196
13
409
195
420
172
170
166
178
122
537
60
223
1599
1777
1505
847
255
371
248
247
529
690
765
258
169
528
1696
335
185
285
889
205
293
300
196
13
409
195
420
172
170
166
178
122
537
60
223
1599
1777
1505
847
255
371
248
247
529
690
765
258
169
528
1696
335
185
285
889
205
293
300
196
13
409
195
420
172
170
166
178
122
537
60
223
1599
1777
1505
847
255
371
248
247
529
690
765
258
169
528
1696
335
185
285
889
205
293
300
196
13
409
195
420
172
170
166
178
122
537
60
223
1599
1777
1505
847
255
371
248
247
529
690
765
258
169
528
1696
335
185
285
889
205
293
300
196
13
409
195
420
172
170
166
178
122
537
60
223
1599
1777
1505
847
255
371
248
247
529
690
765
258
169
528
1696
335
185
285
889
205
293
300
196
13
409
195
420
172
170
166
178
122
537
60
223
1599
1777
1505
847
255
371
248
247
529
690
765
258
169
528
1696
335
185
285
889
205
293
300
196
13
409
195
420
172
170
166
178
122
537
60
223
1599
1777
1505
847
255
371
248
247
529
690
765
258
169
528
1696
335
185
285
889
205
293
300
196
13
409
195
420
172
170
166
178
122
537
60
223
1599
1777
1505
847
255
371
248
247
529
690
765
258
169
528
1696
335
185
285
889
205
293
300
196
13
409
195
420
172
170
166
178
122
537
60
223
1599
1777
1505
847
255
371
248
247
529
690
765
258
169
528
1696
335
185
285
889
205
293
300
196
13
409
195
420
172
170
166
178
122
537
60
223
1599
1777
1505
847
255
371
248
247
529
690
765
258
169
528
1696
335
185
285
889
205
293
300
196
13
409
195
420
172
170
166
178
122
537
60
223
1599
1777
1505
847
255
371
248
247
529
690
765
258
169
528
1696
335
185
285
889
205
293
300
196
13
409
195
420
172
170
166
178
122
537
60
223
1599
1777
1505
847
255
371
248
247
529
690
765
258
169
528
1696
335
185
285
889
205
293
300
196
13
409
195
420
172
170
166
178
122
537
60
223
1599
1777
1505
847
255
371
248
247
529
690
765
258
169
528
1696
335
185
285
889
205
293
300
196
13
409
195
420
172
170
166
178
122
537
60
223
1599
1777
1505
847
255
371
248
247
529
690
765
258
169
528
1696
335
185
285
889
205
293
300
196
13
409
195
420
172
170
166
178
122
537
60
223
1599
1777
1505
847
255
371
248
247
529
690
765
258
169
528
1696
335
185
285
889
205
293
300
196
13
409
195
420
172
170
166
178
122
537
60
223
1599
1777
1505
847
255
371
248
247
529
690
765
258
169
528
1696
335
185
285
889
205
293
300
196
13
409
195
420
172
170
166
178
122
537
60
223
1599
1777
1505
847
255
371
248
247
529
690
765
258
169
528
1696
335
185
285
889
205
293
300
196
13
409
195
420
172
170
166
178
122
537
60
223
1599
1777
1505
847
255
371
248
247
529
690
765
258
169
528
1696
335
185
285
889
205
293
300
196
13
409
195
420
172
170
166
178
122
537
60
223
1599
1777
1505
847
255
371
248
247
529
690
765
258
169
528
1696
335
185
285
889
205
293
300
196
13
409
195
420
172
170
166
178
122
537
60
223
1599
1777
1505
847
255
371
248
247
529
690
765
258
169
528
1696
335
185
285
889
205
293
300
196
13
409
195
420
172
170
166
178
122
537
60
223
1599
1777
1505
847
255
371
248
247
529
690
765
258
169
528
1696
335
185
285
889
205
293
300
196
13
409
195
420
172
170
166
178
122
537
60
223
1599
1777
1505
847
255
371
248
247
529
690
765
258
169
528
1696
335
185
285
889
205
293
300
196
13
409
195
420
172
170
166
178
122
537
60
223
1599
1777
1505
847
255
371
248
247
529
690
765
258
169
528
1696
335
185
285
889
205
293
300
196
13
409
195
420
172
170
166
178
122
537
60
223
1599
1777
1505
847
255
371
248
247
529
690
765
258
169
528
1696
335
185
285
889
205
293
300
196
13
409
195
420
172
170
166
178
122
537
60
223
1599
1777
1505
847
255
371
248
247
529
690
765
258
169
528
1696
335
185
285
889
205
293
300
196
13
409
195
420
172
170
166
178
122
537
60
223
1599
1777
1505
847
255
371
248
247
529
690
765
258
169
528
1696
335
185
285
889
205
293
300
196
13
409
195
420
172
170
166
178
122
537
60
223
1599
1777
1505
847
255
371
248
247
529
690
765
258
169
528
1696
335
185
285
889
205
293
300
196
13
409
195
420
172
170
166
178
122
537
60
223
1599
1777
1505
847
255
371
248
247
529
690
765
258
169
528
1696
335
185
285
889
205
293
300
196
13
409
195
420
172
170
166
178
122
537
60
223
1599
1777
1505
847
255
371
248
247
529
690
765
258
169
528
1696
335
185
285
889
205
293
300
196
13
409
195
420
172
170
166
178
122
537
60
223
1599
1777
1505
847
255
371
248
247
529
690
765
258
169
528
1696
335
185
285
889
205
293
300
196
13
409
195
420
172
170
166
178
122
537
60
223
1599
1777
1505
847
255
371
248
247
529
690
765
258
169
528
1696
335
185
285
889
205
293
300
196
13
409
195
420
172
170
166
178
122